78 
45

  93        54        79        55        63        47        4        68        3        91        9        77        12        65        51        90        11        99        78        22        11        53        92        9        27        66        2        23        54        23        9        68        67        12        12        54        56        17        80        30        99        6        20        27        30      
  11        62        11        52        19        61        68        62        30        8        98        55        4        48        69        43        8        85        70        28        45        11        33        99        36        46        81        89        17        42        4        89        10        97        40        33        6        29        38        19        35        7        13        98        91      
  52        42        68        99        62        0        99        12        14        85        35        37        63        91        58        93        63        31        39        31        44        37        95        91        74        82        69        31        23        66        43        46        40        34        81        75        50        46        74        21        3        10        29        78        45      
  82        66        45        39        37        57        69        7        50        53        87        24        14        57        74        46        89        23        37        62        73        50        16        78        11        90        53        48        71        4        14        86        27        80        66        58        18        10        16        71        46        64        48        35        19      
  50        17        42        34        41        13        8        59        38        91        22        29        90        71        91        10        10        29        28        89        40        23        4        10        22        56        6        47        92        76        32        85        77        75        65        37        42        97        29        59        97        35        11        74        91      
  79        39        97        48        31        33        82        64        28        30        81        43        70        94        91        8        15        69        40        53        20        14        89        46        57        8        78        40        9        83        83        52        65        63        77        48        29        40        40        37        41        86        71        42        1      
  1        71        56        56        99        75        87        57        37        35        76        41        63        92        99        99        32        8        70        22        33        62        98        23        73        84        26        31        89        55        86        17        77        3        57        67        79        23        75        48        33        39        32        42        77      
  45        65        59        60        57        52        26        20        68        73        7        72        54        96        45        20        82        57        51        84        18        35        28        59        53        72        56        84        17        23        95        30        52        55        0        93        53        11        27        92        14        6        71        24        78      
  98        43        93        0        35        62        36        2        57        64        25        67        58        66        17        9        97        17        38        63        40        63        34        77        35        91        49        58        57        66        35        35        78        62        22        93        21        38        96        61        32        42        59        5        3      
  28        12        34        9        99        77        64        85        83        35        97        83        57        59        90        73        41        57        58        96        85        85        53        7        27        8        88        8        46        79        81        0        85        29        37        20        13        27        80        9        56        31        61        92        81      
  87        39        26        66        24        68        85        4        60        35        8        42        95        95        4        33        0        5        36        42        44        82        33        7        33        39        25        7        40        45        37        92        63        37        13        48        21        70        53        92        58        4        33        18        71      
  13        52        73        33        62        17        65        50        17        93        10        1        68        1        54        97        5        67        1        84        51        22        48        80        91        79        63        87        56        9        60        23        28        89        49        60        72        75        84        53        78        84        61        76        37      
  28        48        50        20        73        29        14        55        96        60        17        42        84        16        87        59        93        59        27        10        91        54        92        23        67        55        10        20        97        76        31        12        91        94        64        87        52        6        46        55        36        3        65        22        31      
  20        65        53        97        7        72        52        77        26        41        43        73        60        94        21        64        84        72        2        29        66        17        58        43        78        6        28        70        93        34        84        57        61        63        9        88        20        28        98        4        48        15        27        64        14      
  91        39        26        92        5        47        7        59        74        5        91        1        56        90        45        39        54        32        2        66        85        41        26        79        48        12        71        81        90        73        69        22        7        59        95        16        32        95        12        37        11        84        16        5        87      
  25        69        12        3        58        85        12        65        27        97        23        36        77        19        63        74        51        39        53        24        12        59        89        27        25        93        85        57        6        77        72        86        16        39        12        43        74        30        81        8        84        6        56        77        99      
  96        13        39        66        83        72        12        24        12        82        89        91        49        22        86        0        75        89        47        24        11        68        13        43        2        71        82        99        51        43        37        32        21        92        94        25        36        71        90        33        57        15        85        15        41      
  56        91        86        85        25        89        41        28        99        72        51        73        58        55        30        24        39        66        89        54        74        5        42        87        0        85        0        68        53        85        86        89        96        13        64        88        59        32        63        95        57        62        0        90        93      
  92        35        1        32        30        98        68        10        13        63        52        77        51        5        97        3        20        68        0        9        7        26        76        15        32        90        3        22        70        15        6        40        59        44        21        39        75        74        71        96        19        73        2        41        15      
  84        33        53        54        56        71        55        12        80        8        62        5        90        37        99        4        39        48        43        54        23        76        67        64        23        78        9        57        92        33        1        57        89        76        67        19        20        25        59        82        89        24        46        35        70      
  72        23        48        70        85        23        71        40        19        20        76        99        82        32        29        12        99        84        73        27        29        22        75        62        11        72        88        2        1        94        74        71        5        59        6        22        93        11        76        69        58        99        5        43        15      
  97        66        93        9        86        39        23        5        5        18        55        65        42        46        55        91        39        70        41        28        62        30        68        87        51        60        16        60        31        62        87        12        13        67        98        98        63        15        26        91        17        77        79        14        10      
  92        4        85        67        3        92        84        52        20        96        24        63        82        63        46        4        71        10        89        35        62        60        92        64        10        33        80        0        74        45        42        10        10        88        52        33        53        76        46        9        60        14        67        16        72      
  88        31        34        8        50        31        59        82        15        71        0        14        31        40        44        38        3        62        77        32        5        63        77        1        16        73        78        83        86        21        21        53        44        20        34        61        25        34        29        87        39        44        11        68        91      
  78        17        26        39        38        32        70        69        99        48        89        1        50        26        35        27        65        99        13        18        41        11        70        12        97        34        73        72        39        98        61        40        11        61        92        10        93        65        24        13        84        73        31        95        20      
  85        46        38        52        53        76        36        13        66        23        71        29        73        32        93        79        56        27        55        94        70        26        40        44        91        38        93        45        56        65        26        16        84        94        75        41        59        30        56        44        25        25        50        45        91      
  88        19        73        78        92        36        23        76        82        93        94        86        8        80        51        50        69        62        62        42        9        14        33        77        63        43        71        51        26        48        70        43        1        34        92        46        86        99        40        57        82        0        72        23        11      
  40        13        46        81        6        5        43        65        15        36        40        59        97        50        25        63        23        0        29        59        62        93        42        31        83        51        75        41        31        98        33        5        15        48        52        43        99        81        64        24        25        29        63        39        90      
  28        97        53        77        6        29        87        59        95        73        58        14        76        61        46        56        15        44        32        74        79        21        26        18        88        44        93        45        5        71        17        25        78        74        26        7        0        0        35        20        71        12        18        66        44      
  0        47        16        91        81        50        37        75        79        66        8        43        83        96        31        23        98        46        16        64        60        0        57        99        9        28        79        21        86        41        72        51        15        91        23        52        59        65        44        39        69        67        20        25        10      
  36        55        56        94        39        5        37        19        6        94        99        68        15        34        96        23        42        15        40        42        62        92        43        58        31        86        84        8        65        5        0        47        39        45        47        51        10        9        9        44        87        72        99        6        82      
  90        45        12        49        65        23        98        40        73        7        51        22        76        66        94        92        86        92        49        72        81        81        71        73        16        49        91        41        61        72        54        47        55        3        31        74        13        58        73        69        20        6        41        21        82      
  44        70        16        56        50        93        91        62        18        40        6        77        81        74        79        90        34        96        24        72        99        95        13        34        38        41        61        90        60        88        64        88        55        21        69        75        14        53        28        41        21        82        55        22        88      
  3        93        35        72        57        63        55        48        5        6        25        2        18        29        43        82        21        3        98        6        77        15        11        79        0        36        58        66        67        95        77        43        53        27        27        50        40        43        54        27        31        14        2        92        63      
  47        42        71        22        38        40        14        16        19        64        65        30        81        73        67        49        70        39        77        21        69        56        5        93        12        54        35        32        75        0        60        16        56        21        57        42        17        57        70        26        7        37        86        68        76      
  97        9        87        52        12        43        38        27        88        13        76        46        47        93        32        82        77        63        25        65        82        85        54        72        14        71        37        8        39        39        69        22        96        91        54        49        0        20        92        25        84        93        30        25        56      
  85        48        72        39        33        23        12        98        98        64        15        95        88        95        19        50        87        81        97        88        79        1        1        74        13        67        99        88        2        34        57        15        78        27        99        15        45        45        39        45        93        3        78        72        66      
  56        94        14        44        81        31        46        85        24        12        15        78        44        37        96        75        85        18        18        69        41        69        21        76        79        12        3        93        31        70        69        61        50        95        51        50        72        66        94        58        95        86        36        34        30      
  76        27        49        54        16        2        9        95        96        25        49        54        73        51        76        69        85        29        96        91        77        12        70        54        32        43        58        67        59        86        54        61        98        19        40        25        23        39        75        16        86        14        25        9        53      
  43        10        68        0        17        40        3        64        55        92        56        35        27        80        71        99        52        37        66        73        58        67        94        79        73        98        96        21        30        39        32        87        1        92        72        72        81        68        16        43        74        27        65        69        92      
  64        47        6        25        72        72        47        25        58        34        57        11        39        56        99        99        0        19        45        14        70        86        43        93        61        48        68        30        12        65        73        79        92        16        49        64        38        31        22        16        18        64        55        70        78      
  11        3        2        92        79        90        45        51        45        35        9        75        86        94        58        6        69        71        44        82        41        90        98        72        24        76        10        55        12        14        3        18        1        97        75        6        31        54        92        4        45        87        5        41        67      
  5        92        94        84        99        63        94        99        95        59        2        30        7        49        84        55        67        59        92        66        25        1        71        76        1        21        84        75        18        8        27        70        85        6        84        42        45        35        65        76        26        19        11        49        94      
  51        66        44        81        1        83        71        51        58        26        21        59        38        36        54        34        71        46        55        18        41        7        43        13        42        2        38        13        46        76        18        29        93        97        11        55        52        36        75        51        68        52        22        24        49      
  63        62        86        94        50        90        84        77        51        76        87        86        22        96        83        51        28        28        23        3        16        97        87        11        18        35        17        12        0        11        25        62        30        39        74        65        30        24        68        94        97        60        67        24        49      
  71        27        79        24        67        2        64        35        89        8        43        90        33        93        90        31        65        84        27        21        90        82        27        87        84        12        12        17        44        5        0        78        62        75        78        79        55        73        46        7        19        82        20        31        47      
  36        22        12        7        94        91        43        78        42        10        60        6        65        18        2        34        98        73        50        81        50        32        62        69        28        67        96        31        68        46        50        85        52        11        52        69        48        9        65        96        2        24        30        75        4      
  69        5        36        60        28        40        85        40        29        4        80        4        36        65        46        96        33        43        78        62        18        67        32        0        2        42        63        58        74        21        14        71        61        69        14        56        34        37        40        37        61        22        93        55        49      
  59        31        25        56        29        58        7        19        80        19        8        30        55        63        58        80        92        31        12        90        59        62        63        77        33        93        61        87        60        34        86        86        93        95        47        69        89        81        69        82        52        62        22        89        11      
  4        95        49        80        43        65        92        99        34        43        66        27        33        0        72        85        29        17        46        56        97        87        54        90        0        54        91        90        10        32        10        71        27        79        43        28        77        72        34        4        46        6        96        95        62      
  38        48        54        98        81        19        80        33        99        99        93        93        13        50        3        18        57        62        54        95        71        40        88        5        40        26        43        8        79        49        18        95        96        87        14        51        96        43        68        19        8        98        45        71        77      
  82        78        58        12        50        6        72        12        41        50        48        73        42        47        94        34        91        20        88        56        28        74        66        28        79        64        44        34        78        23        67        64        32        40        75        15        48        24        79        25        66        48        33        74        63      
  1        71        62        43        28        78        67        81        93        47        59        39        89        75        98        38        91        15        73        32        89        27        17        68        2        67        17        23        18        0        81        4        48        0        5        13        47        48        14        24        60        56        87        58        3      
  60        50        43        4        74        48        98        32        21        30        24        88        48        10        35        9        69        61        19        89        72        82        61        89        54        75        74        87        87        23        54        37        24        12        1        7        65        21        66        18        2        70        34        21        63      
  7        83        41        37        50        30        15        3        97        66        69        69        64        51        5        96        30        65        0        34        30        16        3        35        36        27        34        64        13        83        66        79        95        67        73        79        81        63        7        41        70        29        47        40        60      
  74        74        97        86        52        40        6        90        99        21        96        53        58        77        46        8        0        43        28        44        71        9        48        52        12        73        27        37        3        56        95        6        5        44        68        18        27        12        65        39        0        76        52        84        87      
  82        29        29        38        27        98        37        35        59        42        60        9        40        64        14        94        4        39        48        38        88        80        66        21        44        82        24        97        13        4        17        98        94        39        53        32        90        46        42        51        5        4        69        24        97      
  49        34        94        70        55        93        70        37        2        90        20        41        37        59        47        96        79        97        59        97        18        88        80        57        51        39        94        35        87        76        59        55        72        47        49        75        3        81        37        45        60        62        94        15        58      
  55        6        80        2        78        93        14        50        43        52        76        22        60        65        82        25        39        24        47        24        82        25        82        91        56        42        56        13        38        36        81        18        88        65        13        87        65        10        13        93        56        54        90        62        85      
  48        49        61        56        29        0        50        56        7        92        36        86        95        7        42        90        22        32        96        70        54        0        16        15        36        99        89        33        95        28        3        79        15        85        83        49        54        63        28        59        99        84        33        47        70      
  90        29        71        84        67        57        9        39        69        29        62        20        52        58        12        86        13        73        84        54        74        60        12        17        43        29        73        61        39        23        39        16        56        49        83        73        59        4        45        21        3        60        60        97        59      
  26        95        77        90        93        93        44        75        67        67        73        38        17        25        37        17        25        66        85        14        34        79        91        56        21        87        40        15        75        44        89        17        35        53        54        95        46        19        82        57        96        72        9        1        56      
  86        90        81        67        96        61        59        85        92        64        77        72        37        4        37        29        61        2        26        72        18        70        55        44        84        52        27        47        14        54        46        67        86        74        72        25        98        68        48        57        4        33        18        62        36      
  56        92        79        13        65        61        34        57        17        54        24        62        22        34        33        81        4        9        2        64        23        1        52        70        65        28        6        81        62        48        78        53        14        28        36        47        26        74        96        4        91        2        89        43        84      
  34        45        25        91        81        3        8        62        89        79        77        81        68        13        38        34        11        80        90        92        18        44        95        49        54        10        90        88        60        67        1        46        90        84        66        18        15        80        22        2        63        82        84        52        96      
  53        2        87        54        45        49        47        90        8        69        58        1        76        11        75        55        47        87        3        6        65        20        91        51        32        30        73        92        50        53        10        63        98        87        39        38        92        96        66        99        58        29        56        50        3      
  63        57        33        16        4        72        59        12        71        52        20        56        32        57        52        78        82        63        77        13        20        3        27        17        65        15        54        57        87        5        50        46        43        74        62        54        6        57        69        29        67        46        78        10        80      
  59        90        78        62        50        40        92        77        7        24        97        86        52        22        90        3        51        52        70        9        38        71        33        28        10        59        97        24        88        6        81        42        67        99        39        89        84        37        26        18        98        77        19        25        15      
  96        11        85        58        17        54        54        93        80        26        50        74        98        7        55        64        8        14        2        57        6        28        18        81        19        28        83        46        39        15        77        70        92        95        58        48        13        18        70        22        64        28        8        47        25      
  99        38        60        43        87        24        25        52        21        79        25        24        80        96        37        70        94        38        57        49        82        60        92        47        30        82        79        55        32        46        39        21        22        50        70        64        35        57        86        48        74        59        4        44        53      
  29        48        5        10        0        54        63        9        48        81        3        3        12        54        79        93        65        19        42        35        72        52        47        22        95        9        79        56        14        41        0        47        38        7        53        66        91        40        23        35        27        28        3        92        50      
  72        81        91        75        43        15        79        74        71        23        45        20        82        72        46        32        66        36        95        91        26        29        35        3        30        73        84        47        65        8        65        14        60        68        70        37        18        77        0        70        62        48        55        90        81      
  28        33        1        5        83        52        9        40        22        43        60        41        48        45        14        44        93        3        94        20        34        3        95        70        3        96        31        27        7        36        51        34        55        87        74        63        33        39        58        3        31        89        18        65        9      
  61        11        0        68        60        41        86        67        89        10        13        13        6        28        8        68        33        94        20        0        87        1        39        4        66        92        21        26        85        2        89        72        8        37        27        49        11        39        95        76        88        88        48        97        15      
  35        46        94        17        94        8        52        58        67        43        30        11        73        55        84        56        62        47        76        91        78        67        65        65        71        23        29        57        55        95        21        50        91        89        70        56        9        18        74        70        88        49        75        10        87      
  17        27        69        55        65        21        5        29        85        47        48        87        14        17        47        49        26        57        87        28        53        75        78        10        26        71        38        13        38        28        61        28        42        11        4        66        80        28        10        38        65        5        99        34        16      
  89        2        92        0        50        10        18        57        6        8        53        56        86        86        88        26        64        58        10        48        39        18        45        64        77        94        1        10        16        31        60        12        84        63        23        98        24        52        93        23        58        61        42        24        4      
  19        95        65        21        20        96        73        16        82        10        21        3        6        30        10        6        71        77        91        99        33        94        52        70        52        21        77        76        86        29        61        17        52        45        43        52        64        62        78        26        76        12        31        35        89      